MarkerName	Allele1	Allele2	Weight	Zscore	P-value	Direction	Effect_1	Effect_2	Effect_3	AF_case_1	AF_ctrl_1	N_case_1	N_ctrl_1	AF_case_2	AF_ctrl_2	N_case_2	N_ctrl_2	AF_case_3	AF_ctrl_3	N_case_3	N_ctrl_3
rs1004	t	c	5400.00	-6.276	3.473e-10	---	-3.8906	-3.4316	-3.6153	0.4800	0.6200	600	1000	0.4600	0.6200	900	1300	0.4500	0.6100	600	1000
rs2002	t	c	5900.00	5.066	4.061e-07	+++	2.9889	2.6083	3.1559	0.6500	0.7500	850	1250	0.6300	0.7500	550	1150	0.6200	0.7400	850	1250
rs2005	t	c	6000.00	-5.001	5.7e-07	---	-3.1747	-2.8269	-2.6606	0.3200	0.4800	800	1200	0.3000	0.4800	750	1250	0.2900	0.4700	800	1200
rs1005	t	c	6700.00	4.774	1.806e-06	+++	2.8269	2.3615	3.0485	0.3800	0.5200	1000	1400	0.3600	0.5200	700	1200	0.3500	0.5100	1100	1300
rs2001	t	c	5900.00	-5.985	2.167e-09	---	-3.7190	-3.3896	-3.2636	0.7500	0.8500	750	1150	0.7400	0.8400	850	1250	0.7300	0.8300	750	1150
rs2003	t	c	5700.00	-5.125	2.982e-07	---	-3.0757	-2.7533	-3.1054	0.5200	0.6800	650	1050	0.5000	0.6800	950	1350	0.4900	0.6700	650	1050
rs1003	t	c	5800.00	5.995	2.032e-09	+++	3.5401	3.1054	3.7190	0.5800	0.7200	900	1300	0.5600	0.7200	500	1100	0.5700	0.6900	900	1100
rs2004	t	c	6400.00	3.746	0.0001798	+++	2.2218	1.7941	2.4397	0.4200	0.5800	950	1350	0.4000	0.5800	650	1150	0.3900	0.5700	950	1350
rs1002	t	c	5600.00	-3.551	0.000384	---	-2.1015	-2.2461	-1.7941	0.7000	0.8000	700	1100	0.6800	0.8000	800	1200	0.6900	0.7700	800	1000
rs1001	t	c	6000.00	-4.495	6.973e-06	---	-2.6437	-2.2938	-2.8269	0.8200	0.8800	800	1200	0.8100	0.8700	600	1200	0.8000	0.8600	1000	1200
