CHR	POS	SNP	N	EFFECT_ALLELE	NON_EFFECT_ALLELE	EFFECT_ALLELE_FREQ	BETA	SE	r2	r2hat	P_VAL	AF_CASE	AF_CTRL	N_CASE	N_CTRL
1	1000000	rs1001	2000	A	T	0.1500000	0.12000	0.04500	0.0012000	0.950	0.0082	0.1800	0.1200	800	1200
1	2000000	rs1002	1800	C	G	0.2500000	0.08000	0.03800	0.0008000	0.920	0.0356	0.3000	0.2000	700	1100
1	3000000	rs1003	2200	A	C	0.3500000	-0.15000	0.04200	0.0015000	0.880	0.0004	0.4200	0.2800	900	1300
1	4000000	rs1004	1600	T	C	0.4500000	0.20000	0.05000	0.0020000	0.850	0.0001	0.5200	0.3800	600	1000
1	5000000	rs1005	2400	G	A	0.5500000	-0.10000	0.03500	0.0009000	0.910	0.0047	0.6200	0.4800	1000	1400
2	1000000	rs2001	1900	A	G	0.2000000	0.18000	0.04800	0.0018000	0.930	0.0002	0.2500	0.1500	750	1150
2	2000000	rs2002	2100	T	A	0.3000000	-0.12000	0.04000	0.0011000	0.890	0.0028	0.3500	0.2500	850	1250
2	3000000	rs2003	1700	C	T	0.4000000	0.16000	0.05200	0.0022000	0.840	0.0021	0.4800	0.3200	650	1050
2	4000000	rs2004	2300	G	C	0.5000000	-0.08000	0.03600	0.0007000	0.900	0.0263	0.5800	0.4200	950	1350
2	5000000	rs2005	2000	A	T	0.6000000	0.14000	0.04400	0.0016000	0.870	0.0015	0.6800	0.5200	800	1200
