CHR	POS	SNP	N	EFFECT_ALLELE	NON_EFFECT_ALLELE	FREQ_EFFECT	BETA	SE	PVALUE	AF_CASE	AF_CTRL	N_CASE	N_CTRL
2	169093837	rs2954939	1200	2	4	0.0650000	0.02500	0.08000	0.7568	0.0800	0.0550	400	800
2	169095689	rs12619614	1200	3	2	0.3600000	0.02000	0.04000	0.6184	0.3750	0.3500	400	800
2	169095851	rs13415004	1200	4	2	0.1850000	0.01500	0.05000	0.7644	0.1900	0.1800	400	800
2	169095873	rs2724164	1200	3	2	0.0750000	-0.03500	0.07000	0.6184	0.0850	0.0700	400	800
2	169097055	rs11681374	1200	4	2	0.0350000	-0.00500	0.10500	0.9620	0.0400	0.0320	400	800
2	169097357	rs7584770	1200	2	3	0.0250000	0.09500	0.12000	0.4286	0.0320	0.0200	400	800
2	169097717	rs4399687	1200	2	3	0.0300000	0.03000	0.11000	0.7857	0.0350	0.0280	400	800
2	169098975	rs7589268	1200	3	1	0.3550000	0.02500	0.04000	0.5312	0.3650	0.3500	400	800
2	169099755	rs2601062	1200	3	4	0.0750000	-0.04000	0.07000	0.5714	0.0800	0.0720	400	800
7	44383092	rs217377	1200	2	4	0.3900000	0.00800	0.03800	0.8333	0.3950	0.3880	400	800
