CHR	POS	SNP	N	EFFECT_ALLELE	NON_EFFECT_ALLELE	EFFECT_ALLELE_FREQ	BETA	SE	r2	r2hat	P_VAL	AF_CASE	AF_CTRL	N_CASE	N_CTRL
2	169093837	rs2954939	1455	2	4	0.0621993	0.03369	0.07732	0.0001307	0.873	0.6698	0.0750	0.0500	500	955
2	169095689	rs12619614	1455	3	2	0.364948	0.01834	0.03898	0.0001523	0.947	0.6453	0.3800	0.3500	500	955
2	169095851	rs13415004	1455	4	2	0.189347	0.01141	0.04729	4.00E-05	0.955	0.8134	0.2000	0.1800	500	955
2	169095873	rs2724164	1455	3	2	0.0762887	-0.04199	0.06956	0.0002508	0.942	0.5547	0.0900	0.0650	500	955
2	169097055	rs11681374	1455	4	2	0.0343643	-0.0002721	0.1018	4.91E-09	0.928	0.9979	0.0400	0.0300	500	955
2	169097357	rs7584770	1455	2	3	0.0250859	0.1027	0.1188	0.0005143	0.863	0.3975	0.0300	0.0200	500	955
2	169097717	rs4399687	1455	2	3	0.0316151	0.02606	0.1069	4.09E-05	0.629	0.8114	0.0350	0.0300	500	955
2	169098975	rs7589268	1455	3	1	0.356357	0.01869	0.03949	0.0001541	0.941	0.6433	0.3700	0.3450	500	955
2	169099755	rs2601062	1455	3	4	0.0766323	-0.0433	0.06944	0.0002675	0.947	0.5418	0.0850	0.0700	500	955
7	44383092	rs217377	1455	2	4	0.391065	0.003367	0.03746	5.56E-06	1	0.9299	0.4000	0.3850	500	955
